0.76090,-0.03701,0.00000
1.13638,-0.00651,0.00000
1.06430,-0.06773,0.00000
0.89776,0.09081,0.00000
1.00726,-0.05074,0.00000
1.01348,0.09480,0.00000
0.98330,0.03865,0.00000
1.06511,0.17717,0.00000
1.08636,0.19087,0.00000
0.87466,0.05625,0.00000
0.99777,0.07069,0.00000
0.87786,0.10792,0.00000
0.81396,-0.06029,0.00000
0.87379,0.21166,0.00000
0.87378,0.03256,0.00000
0.98679,-0.15322,0.00000
0.82319,0.17880,0.00000
0.94588,0.14125,0.00000
0.92013,0.23225,0.00000
1.15750,-0.06311,0.00000
1.02459,0.21766,0.00000
0.76143,0.29342,0.00000
0.97862,0.21411,0.00000
1.06005,0.22986,0.00000
0.98254,0.34731,0.00000
0.86030,0.06769,0.00000
0.92794,0.22588,0.00000
1.09879,0.30601,0.00000
1.04576,0.10245,0.00000
0.94375,0.07980,0.00000
1.07755,0.23537,0.00000
0.92081,0.52694,0.00000
1.13920,0.16364,0.00000
0.99900,0.22051,0.00000
1.05977,0.28355,0.00000
1.14095,0.03819,0.00000
0.89802,0.00508,0.00000
0.81207,0.20314,0.00000
1.08995,0.28498,0.00000
0.77243,0.14310,0.00000
0.91385,0.16827,0.00000
0.84198,0.38088,0.00000
0.93422,0.05434,0.00000
0.77147,0.29508,0.00000
0.74250,0.19814,0.00000
0.82432,0.47245,0.00000
0.87852,0.07959,0.00000
0.86545,0.44815,0.00000
0.90261,0.26080,0.00000
1.06357,0.26582,0.00000
0.76419,0.46764,0.00000
1.06823,0.29624,0.00000
0.87153,0.25300,0.00000
0.94408,0.19029,0.00000
0.95172,0.42357,0.00000
0.99171,0.27910,0.00000
0.98907,0.52711,0.00000
0.85290,0.28102,0.00000
0.90383,0.30704,0.00000
1.04288,0.19961,0.00000
0.70766,0.36375,0.00000
1.00243,0.35932,0.00000
0.79085,0.53647,0.00000
0.88013,0.28665,0.00000
0.97859,0.16733,0.00000
0.89349,0.46648,0.00000
1.04861,0.41778,0.00000
0.95161,0.36652,0.00000
0.92786,0.64491,0.00000
0.78071,0.33473,0.00000
0.92040,0.43374,0.00000
0.72779,0.46788,0.00000
0.84969,0.28201,0.00000
0.91024,0.34060,0.00000
0.90823,0.69400,0.00000
0.84428,0.48116,0.00000
0.86338,0.88136,0.00000
1.02545,0.30166,0.00000
1.04135,0.36332,0.00000
0.88716,0.23314,0.00000
0.82253,0.23210,0.00000
0.79388,0.69059,0.00000
0.96720,0.49254,0.00000
0.80893,0.32472,0.00000
0.79754,0.56508,0.00000
0.72374,0.49725,0.00000
0.98896,0.50038,0.00000
0.93461,0.60426,0.00000
0.96717,0.51958,0.00000
0.81837,0.41991,0.00000
0.95131,0.54528,0.00000
0.89579,0.56620,0.00000
0.85985,0.48993,0.00000
1.02929,0.57044,0.00000
0.66907,0.43032,0.00000
0.83959,0.50569,0.00000
0.84027,0.52433,0.00000
0.73513,0.76925,0.00000
0.74583,0.59553,0.00000
0.84090,0.48342,0.00000
0.68643,0.48023,0.00000
0.77544,0.43434,0.00000
0.63848,0.70128,0.00000
0.70992,0.67324,0.00000
0.84830,0.84000,0.00000
0.92840,0.61994,0.00000
0.81411,0.63920,0.00000
1.04300,0.54026,0.00000
0.73275,0.61532,0.00000
0.84042,0.56116,0.00000
1.01783,0.58051,0.00000
0.89189,0.67640,0.00000
0.55365,0.61693,0.00000
0.84174,0.69094,0.00000
0.43114,0.59244,0.00000
0.64015,0.59852,0.00000
0.78200,0.68058,0.00000
0.69691,0.67450,0.00000
0.81006,0.70076,0.00000
0.76607,0.69173,0.00000
0.58516,0.67460,0.00000
0.82771,0.89105,0.00000
0.70284,0.71216,0.00000
0.69979,0.76022,0.00000
0.81448,0.66308,0.00000
0.85730,0.63348,0.00000
0.81200,0.70196,0.00000
0.59583,0.77548,0.00000
0.77811,0.71952,0.00000
0.64616,0.88312,0.00000
0.74608,0.79167,0.00000
0.68815,0.56018,0.00000
0.61945,0.94574,0.00000
0.82940,0.85209,0.00000
0.84675,0.77945,0.00000
0.65869,0.83243,0.00000
0.49079,0.79472,0.00000
0.66936,0.78949,0.00000
0.63112,0.76150,0.00000
0.74112,0.72708,0.00000
0.52525,0.72809,0.00000
0.74395,0.68765,0.00000
0.80074,1.00838,0.00000
0.51071,0.85541,0.00000
0.57554,0.84671,0.00000
0.53391,0.61685,0.00000
0.62824,0.73187,0.00000
0.62905,0.67778,0.00000
0.52675,0.59554,0.00000
0.67429,0.74021,0.00000
0.57897,0.85410,0.00000
0.62062,0.94692,0.00000
0.65658,0.57857,0.00000
0.50793,0.68255,0.00000
0.42309,0.84958,0.00000
0.66191,0.75537,0.00000
0.39362,0.84551,0.00000
0.64245,0.82275,0.00000
0.77294,0.69307,0.00000
0.60879,0.79370,0.00000
0.39211,0.81402,0.00000
0.51520,0.88582,0.00000
0.39992,0.83577,0.00000
0.52781,0.89960,0.00000
0.42745,0.89605,0.00000
0.13255,0.77582,0.00000
0.46515,0.66707,0.00000
0.52222,0.92741,0.00000
0.48305,0.96639,0.00000
0.39786,0.80483,0.00000
0.48673,0.66757,0.00000
0.67781,0.91281,0.00000
0.45291,0.77005,0.00000
0.64172,0.70708,0.00000
0.49224,0.88471,0.00000
0.28105,1.01631,0.00000
0.54928,0.89432,0.00000
0.55788,0.66723,0.00000
0.44736,1.05559,0.00000
0.47315,1.01731,0.00000
0.38332,0.83394,0.00000
0.50905,0.80885,0.00000
0.28948,0.82623,0.00000
0.37298,1.04955,0.00000
0.10792,0.94982,0.00000
0.50505,1.03383,0.00000
0.12052,0.93003,0.00000
0.35705,0.84742,0.00000
0.62801,1.00248,0.00000
0.35191,0.94328,0.00000
0.52873,0.98689,0.00000
0.56602,0.84628,0.00000
0.39995,0.73789,0.00000
0.29343,0.69142,0.00000
0.38502,1.05379,0.00000
0.34567,1.04288,0.00000
0.46337,1.16525,0.00000
0.31918,0.95088,0.00000
0.20763,0.81168,0.00000
0.27272,0.96473,0.00000
0.43805,0.95336,0.00000
0.37155,1.25504,0.00000
0.08920,1.22537,0.00000
0.40756,1.03261,0.00000
0.32276,0.78959,0.00000
0.27018,0.84966,0.00000
0.25451,0.99231,0.00000
0.19554,1.05559,0.00000
0.31456,0.98767,0.00000
0.17223,1.09929,0.00000
0.43522,1.01752,0.00000
0.27611,0.74503,0.00000
0.14868,0.88662,0.00000
0.13825,0.93551,0.00000
0.09008,0.97555,0.00000
-0.01167,0.97288,0.00000
0.35272,1.07867,0.00000
0.20036,0.79931,0.00000
0.13143,1.04685,0.00000
0.35558,1.14145,0.00000
0.04208,0.94611,0.00000
0.30739,1.00600,0.00000
-0.05932,0.79597,0.00000
0.31150,0.93637,0.00000
0.01759,1.08391,0.00000
0.18706,1.00800,0.00000
0.15429,1.03020,0.00000
0.27419,1.04801,0.00000
0.37146,1.02304,0.00000
0.13741,1.12461,0.00000
0.32688,0.95955,0.00000
0.21662,0.94757,0.00000
0.00401,0.86777,0.00000
0.16232,1.07127,0.00000
0.10189,0.98896,0.00000
0.27089,0.85598,0.00000
0.18905,0.95919,0.00000
-0.00775,0.79482,0.00000
-0.05364,1.13978,0.00000
0.19882,0.92645,0.00000
0.08693,0.98623,0.00000
0.14086,0.90432,0.00000
0.05909,1.00659,0.00000
0.13516,0.92274,0.00000
-0.03689,0.98958,0.00000
0.04703,1.02487,0.00000
0.08731,1.02956,0.00000
0.06602,1.13670,0.00000
-0.00629,1.08796,0.00000
-0.00265,1.13417,0.00000
-0.13294,0.89819,0.00000
0.10692,0.95740,0.00000
-0.03736,1.18269,0.00000
-0.12787,0.97840,0.00000
-0.04751,1.20798,0.00000
-0.15940,1.14665,0.00000
-0.00529,1.02604,0.00000
0.00384,0.97054,0.00000
-0.26991,0.94128,0.00000
0.03550,1.05004,0.00000
-0.13832,1.06627,0.00000
0.02187,0.80796,0.00000
0.07600,0.95089,0.00000
-0.09323,1.06988,0.00000
-0.11287,1.17971,0.00000
-0.02412,1.08026,0.00000
-0.14325,0.92810,0.00000
-0.26032,1.11928,0.00000
0.05596,1.05826,0.00000
-0.14863,1.07056,0.00000
-0.03661,1.13911,0.00000
-0.13049,1.10685,0.00000
0.04064,1.16462,0.00000
-0.34197,0.77650,0.00000
-0.24145,0.94128,0.00000
-0.13953,1.00587,0.00000
-0.28578,0.96664,0.00000
-0.24807,1.22803,0.00000
-0.24091,0.99118,0.00000
-0.17383,0.81932,0.00000
-0.07954,0.84989,0.00000
-0.23563,0.88769,0.00000
-0.38352,0.83086,0.00000
0.04841,1.02003,0.00000
-0.23620,1.11973,0.00000
-0.11728,0.81764,0.00000
-0.22427,1.00991,0.00000
-0.20515,1.01004,0.00000
-0.34610,1.00514,0.00000
-0.37606,0.91533,0.00000
-0.04879,1.02234,0.00000
-0.08244,0.79502,0.00000
0.01104,0.90735,0.00000
-0.23260,0.92733,0.00000
-0.43308,1.04507,0.00000
-0.47504,1.07478,0.00000
-0.22711,0.98165,0.00000
-0.23600,1.05745,0.00000
-0.50363,1.03545,0.00000
-0.23060,1.03075,0.00000
-0.30463,1.18677,0.00000
-0.21403,0.89600,0.00000
-0.45163,1.02977,0.00000
-0.24573,0.92856,0.00000
-0.23530,1.15984,0.00000
-0.09743,1.03843,0.00000
-0.51967,0.65480,0.00000
-0.29005,0.75933,0.00000
-0.23765,0.90704,0.00000
-0.46431,0.96284,0.00000
-0.45814,0.89123,0.00000
-0.27052,1.03927,0.00000
-0.40577,0.86667,0.00000
-0.54040,1.15845,0.00000
-0.36899,0.90057,0.00000
-0.45058,0.67687,0.00000
-0.39955,0.96358,0.00000
-0.44064,1.07819,0.00000
-0.41564,0.83444,0.00000
-0.32089,0.88815,0.00000
-0.31878,0.85717,0.00000
-0.29758,0.94978,0.00000
-0.52111,0.70884,0.00000
-0.42094,0.83965,0.00000
-0.40159,0.93316,0.00000
-0.63825,0.98901,0.00000
-0.28892,0.89916,0.00000
-0.42971,1.02978,0.00000
-0.34084,0.91155,0.00000
-0.43589,0.86708,0.00000
-0.54155,0.77626,0.00000
-0.35226,0.97520,0.00000
-0.42887,0.84905,0.00000
-0.37003,1.04945,0.00000
-0.26981,0.95336,0.00000
-0.14228,0.64000,0.00000
-0.72832,0.89846,0.00000
-0.55004,0.88960,0.00000
-0.57500,1.07526,0.00000
-0.57780,0.87668,0.00000
-0.58490,0.97135,0.00000
-0.68595,0.73787,0.00000
-0.67055,0.72939,0.00000
-0.58566,0.73593,0.00000
-0.57010,0.84626,0.00000
-0.60525,0.93688,0.00000
-0.66553,0.80438,0.00000
-0.62316,0.86275,0.00000
-0.60820,0.84551,0.00000
-0.74895,0.95387,0.00000
-0.54285,0.79899,0.00000
-0.41027,0.70235,0.00000
-0.54714,0.78082,0.00000
-0.65114,0.79620,0.00000
-0.57371,0.69380,0.00000
-0.66549,0.88269,0.00000
-0.68591,0.77133,0.00000
-0.77934,0.69318,0.00000
-0.86926,0.70783,0.00000
-0.54167,0.73220,0.00000
-0.70464,0.66224,0.00000
-0.48560,0.99555,0.00000
-0.58507,0.95146,0.00000
-0.65615,0.81078,0.00000
-0.71079,0.82893,0.00000
-0.48988,0.41558,0.00000
-0.42416,0.80729,0.00000
-0.65947,0.68468,0.00000
-0.82187,0.64312,0.00000
-1.00441,0.74686,0.00000
-0.68465,0.96501,0.00000
-0.73598,0.77386,0.00000
-0.67059,0.73104,0.00000
-0.79518,0.81263,0.00000
-0.74176,0.53669,0.00000
-0.71658,0.73988,0.00000
-0.76956,0.72007,0.00000
-0.79604,0.84351,0.00000
-0.66992,0.65790,0.00000
-0.71489,0.78545,0.00000
-0.79892,0.52279,0.00000
-0.44031,0.61586,0.00000
-0.69629,0.83771,0.00000
-0.76493,0.66037,0.00000
-0.79708,0.78095,0.00000
-0.71766,0.66608,0.00000
-0.60466,0.87908,0.00000
-0.62995,0.68843,0.00000
-1.15275,0.62039,0.00000
-0.91548,0.43842,0.00000
-0.88643,0.60931,0.00000
-0.67657,0.70703,0.00000
-0.96612,0.64765,0.00000
-0.80006,0.56606,0.00000
-1.03738,0.64389,0.00000
-0.89074,0.69089,0.00000
-0.84908,0.70267,0.00000
-0.74181,0.63954,0.00000
-1.06903,0.60610,0.00000
-0.83924,0.72352,0.00000
-0.92625,0.52953,0.00000
-1.02993,0.45761,0.00000
-0.93238,0.75105,0.00000
-0.89128,0.64533,0.00000
-0.84829,0.50376,0.00000
-0.91907,0.62630,0.00000
-0.51465,0.44093,0.00000
-0.75746,0.37386,0.00000
-0.90821,0.41348,0.00000
-0.86301,0.68889,0.00000
-0.78932,0.37223,0.00000
-0.83122,0.42399,0.00000
-0.62631,0.54714,0.00000
-0.98422,0.45144,0.00000
-0.58528,0.57224,0.00000
-0.96061,0.37451,0.00000
-1.04110,0.43660,0.00000
-1.11231,0.46908,0.00000
-0.91673,0.48381,0.00000
-0.84302,0.57033,0.00000
-0.92071,0.48270,0.00000
-0.82175,0.46145,0.00000
-0.85757,0.56455,0.00000
-0.87031,0.71421,0.00000
-0.91872,0.52283,0.00000
-0.92374,0.48143,0.00000
-0.94571,0.57302,0.00000
-0.73525,0.69588,0.00000
-0.86111,0.51460,0.00000
-0.75457,0.56814,0.00000
-1.06819,0.40144,0.00000
-1.17001,0.07559,0.00000
-1.17705,0.39611,0.00000
-0.90527,0.36747,0.00000
-0.95557,0.29580,0.00000
-0.97769,0.47778,0.00000
-0.74932,0.58691,0.00000
-0.99042,0.23527,0.00000
-0.95524,0.24849,0.00000
-1.02921,0.30378,0.00000
-0.95367,0.24426,0.00000
-1.05218,0.33492,0.00000
-0.89055,0.28464,0.00000
-0.97885,0.58346,0.00000
-0.83637,0.39565,0.00000
-0.67774,0.23776,0.00000
-1.06582,0.53196,0.00000
-0.93236,0.42878,0.00000
-0.92979,0.30676,0.00000
-1.08609,0.34387,0.00000
-1.15243,0.24270,0.00000
-0.85321,0.27484,0.00000
-1.04564,0.17040,0.00000
-0.89791,0.20882,0.00000
-0.79441,0.36212,0.00000
-1.14666,0.43927,0.00000
-1.00648,0.25257,0.00000
-1.02727,0.11653,0.00000
-0.99794,-0.03814,0.00000
-1.04020,0.27902,0.00000
-0.98152,0.25798,0.00000
-1.29319,0.50542,0.00000
-1.04588,0.06301,0.00000
-0.93677,0.34604,0.00000
-1.17837,0.36519,0.00000
-1.10917,0.23024,0.00000
-0.90162,0.26740,0.00000
-0.79601,0.12391,0.00000
-0.83262,0.20357,0.00000
-1.03991,0.21149,0.00000
-0.90701,0.20475,0.00000
-0.97114,-0.00492,0.00000
-0.91359,0.41650,0.00000
-0.75441,0.30033,0.00000
-0.82253,0.41255,0.00000
-1.06233,0.14662,0.00000
-1.07569,0.02122,0.00000
-1.00261,0.23389,0.00000
-0.98048,0.09254,0.00000
-1.06079,-0.12162,0.00000
-1.00307,0.03928,0.00000
-1.05049,0.06794,0.00000
-1.00551,0.00932,0.00000
-0.89114,0.10520,0.00000
-0.67751,-0.10723,0.00000
-0.92683,-0.02856,0.00000
-0.89606,-0.25496,0.00000
-0.93932,-0.03749,0.00000
-0.83527,0.08851,0.00000
-0.97452,0.19826,0.00000
-1.22780,0.26800,0.00000
-1.03775,0.28494,0.00000
-0.82802,-0.04618,0.00000
-1.00421,-0.15063,0.00000
-1.03886,0.09763,0.00000
-1.08352,-0.02933,0.00000
-0.79083,-0.00275,0.00000
-1.01565,-0.04733,0.00000
-0.95247,-0.22651,0.00000
-1.06716,-0.12063,0.00000
1.83208,0.45463,1.00000
2.04969,0.30592,1.00000
2.04480,0.69568,1.00000
2.05129,0.64534,1.00000
2.09835,0.49070,1.00000
1.84417,0.58265,1.00000
2.12553,0.57828,1.00000
2.17502,0.57553,1.00000
2.09526,0.48100,1.00000
2.07723,0.33220,1.00000
2.00934,0.51149,1.00000
1.95862,0.59832,1.00000
1.83540,0.36116,1.00000
1.90809,0.51044,1.00000
2.01499,0.40613,1.00000
1.96912,0.40218,1.00000
1.93352,0.70062,1.00000
2.07150,0.53022,1.00000
1.95815,0.40602,1.00000
1.93281,0.16870,1.00000
1.91178,0.29150,1.00000
1.94125,0.15729,1.00000
2.02429,0.48019,1.00000
2.15721,0.40007,1.00000
2.09823,0.22996,1.00000
2.05129,0.37363,1.00000
2.00331,0.32118,1.00000
1.91442,0.44022,1.00000
1.97091,0.41252,1.00000
1.97444,0.34944,1.00000
1.85240,0.27976,1.00000
2.07367,0.32048,1.00000
1.96547,0.19969,1.00000
2.00833,0.46470,1.00000
1.95355,0.48354,1.00000
2.02074,0.04366,1.00000
1.82480,0.36412,1.00000
1.94977,0.24924,1.00000
1.96781,0.35770,1.00000
1.88745,0.23055,1.00000
2.08360,0.16959,1.00000
1.93985,0.29405,1.00000
2.06300,0.04244,1.00000
2.04544,0.32310,1.00000
2.15098,0.13958,1.00000
2.06053,0.34848,1.00000
1.85005,0.13205,1.00000
1.93209,0.35538,1.00000
1.94911,0.02758,1.00000
2.08172,0.37522,1.00000
2.03727,0.44921,1.00000
2.05757,0.09141,1.00000
2.14719,0.04594,1.00000
1.97858,0.34284,1.00000
1.82819,0.27302,1.00000
1.90492,0.26503,1.00000
1.91580,-0.13894,1.00000
1.96602,0.00094,1.00000
1.71404,0.11747,1.00000
1.83843,0.16636,1.00000
2.08616,-0.04568,1.00000
2.04111,0.08220,1.00000
1.75974,0.02382,1.00000
1.92719,0.03848,1.00000
2.00969,0.15966,1.00000
1.83391,0.07733,1.00000
1.92939,-0.09604,1.00000
1.78454,0.10895,1.00000
1.96711,-0.05365,1.00000
2.14935,0.07102,1.00000
2.05308,0.02639,1.00000
2.05669,0.03646,1.00000
1.89413,0.05982,1.00000
1.94821,0.03823,1.00000
1.94795,-0.03674,1.00000
1.95473,-0.22529,1.00000
1.90398,-0.06362,1.00000
1.68729,0.13108,1.00000
1.88872,-0.15071,1.00000
1.85518,0.00237,1.00000
1.93837,-0.09873,1.00000
1.79878,0.00765,1.00000
1.79565,-0.04920,1.00000
1.92058,0.01285,1.00000
1.72715,0.08241,1.00000
1.97410,-0.05042,1.00000
1.76404,0.00744,1.00000
1.93689,-0.06418,1.00000
1.68741,0.04775,1.00000
1.74973,0.21765,1.00000
1.90952,-0.11887,1.00000
1.66161,-0.09354,1.00000
1.51733,-0.15226,1.00000
1.99622,-0.00098,1.00000
1.68188,-0.05548,1.00000
1.82178,0.01409,1.00000
1.73512,-0.21474,1.00000
1.83202,-0.02946,1.00000
1.73924,0.10087,1.00000
1.89748,-0.19176,1.00000
1.76114,0.03077,1.00000
1.74232,-0.09935,1.00000
1.84137,-0.17496,1.00000
1.64224,-0.17448,1.00000
1.72751,-0.32084,1.00000
1.79593,-0.08754,1.00000
1.89580,-0.24914,1.00000
1.63623,-0.00024,1.00000
1.78119,-0.21517,1.00000
1.64454,-0.08464,1.00000
1.85168,-0.24355,1.00000
1.92493,-0.02272,1.00000
1.86235,-0.20858,1.00000
1.82453,-0.19571,1.00000
1.88204,-0.05862,1.00000
1.60865,0.02530,1.00000
1.62904,-0.17309,1.00000
1.82457,-0.17265,1.00000
1.58727,-0.18910,1.00000
1.66360,-0.40281,1.00000
1.73102,-0.23729,1.00000
1.63421,-0.12665,1.00000
1.56587,-0.42885,1.00000
1.69971,-0.26378,1.00000
1.81177,-0.20422,1.00000
1.67493,-0.06255,1.00000
1.65250,-0.29066,1.00000
1.96858,-0.01035,1.00000
1.72141,-0.21890,1.00000
1.58361,-0.45275,1.00000
1.65790,-0.19253,1.00000
1.82270,-0.04934,1.00000
1.68913,-0.33265,1.00000
1.76482,-0.38413,1.00000
1.66073,-0.34215,1.00000
1.49112,-0.26403,1.00000
1.75074,-0.15700,1.00000
1.75475,-0.19309,1.00000
1.61528,-0.23385,1.00000
1.65436,-0.29687,1.00000
1.55363,-0.49297,1.00000
1.71852,-0.16651,1.00000
1.40942,-0.45953,1.00000
1.71385,-0.36461,1.00000
1.52601,-0.16914,1.00000
1.49490,-0.29127,1.00000
1.58154,-0.42529,1.00000
1.57921,-0.18519,1.00000
1.67260,-0.32807,1.00000
1.48402,-0.33083,1.00000
1.59499,-0.45387,1.00000
1.64943,-0.29618,1.00000
1.74175,-0.45953,1.00000
1.54385,-0.27457,1.00000
1.57385,-0.31647,1.00000
1.49705,-0.29731,1.00000
1.74855,-0.20585,1.00000
1.72623,-0.58073,1.00000
1.62794,-0.52571,1.00000
1.36088,-0.33984,1.00000
1.69126,-0.31090,1.00000
1.51558,-0.30087,1.00000
1.55757,-0.30064,1.00000
1.50191,-0.35909,1.00000
1.47370,-0.46251,1.00000
1.47331,-0.20275,1.00000
1.47269,-0.48372,1.00000
1.39176,-0.41587,1.00000
1.31198,-0.17965,1.00000
1.47304,-0.46434,1.00000
1.60177,-0.51751,1.00000
1.56899,-0.57013,1.00000
1.51159,-0.22114,1.00000
1.31452,-0.41763,1.00000
1.37331,-0.34101,1.00000
1.69213,-0.31784,1.00000
1.25596,-0.61647,1.00000
1.51382,-0.25046,1.00000
1.43925,-0.56016,1.00000
1.29637,-0.43945,1.00000
1.27297,-0.23810,1.00000
1.52525,-0.41033,1.00000
1.30649,-0.28484,1.00000
1.33149,-0.49997,1.00000
1.51374,-0.30464,1.00000
1.29350,-0.47581,1.00000
1.33446,-0.45993,1.00000
1.42193,-0.53076,1.00000
1.26382,-0.41841,1.00000
1.49634,-0.44684,1.00000
1.51613,-0.37418,1.00000
1.31532,-0.48681,1.00000
1.39876,-0.39785,1.00000
1.44514,-0.62771,1.00000
1.37874,-0.61746,1.00000
1.32030,-0.57616,1.00000
1.22790,-0.34410,1.00000
1.51679,-0.54682,1.00000
1.27087,-0.45777,1.00000
1.26237,-0.41438,1.00000
1.35928,-0.41019,1.00000
1.19651,-0.75639,1.00000
1.43882,-0.54868,1.00000
1.17737,-0.43088,1.00000
1.25428,-0.41416,1.00000
1.30070,-0.50717,1.00000
1.05577,-0.51760,1.00000
1.15988,-0.47884,1.00000
1.32963,-0.19769,1.00000
1.14697,-0.80558,1.00000
1.19818,-0.56365,1.00000
1.28050,-0.43968,1.00000
1.39479,-0.40741,1.00000
1.39440,-0.40947,1.00000
1.39277,-0.23761,1.00000
1.21008,-0.34408,1.00000
1.11796,-0.45782,1.00000
1.29133,-0.59243,1.00000
1.36796,-0.58410,1.00000
0.93528,-0.49035,1.00000
1.10382,-0.27732,1.00000
1.24514,-0.49917,1.00000
1.24994,-0.53590,1.00000
1.17932,-0.62533,1.00000
1.25034,-0.32403,1.00000
1.22135,-0.43576,1.00000
1.02009,-0.31812,1.00000
1.05639,-0.40629,1.00000
0.94434,-0.38492,1.00000
1.15386,-0.52978,1.00000
1.06687,-0.35917,1.00000
1.23487,-0.63190,1.00000
1.10747,-0.54338,1.00000
0.89793,-0.64052,1.00000
0.91951,-0.61238,1.00000
1.07772,-0.63030,1.00000
0.96735,-0.67914,1.00000
0.97560,-0.51284,1.00000
1.07866,-0.42581,1.00000
1.08498,-0.31808,1.00000
1.04729,-0.19760,1.00000
0.81125,-0.51987,1.00000
1.02636,-0.50646,1.00000
1.24771,-0.61839,1.00000
1.11662,-0.35131,1.00000
1.06965,-0.34873,1.00000
0.86326,-0.53768,1.00000
1.09082,-0.49808,1.00000
1.04076,-0.36379,1.00000
0.83104,-0.34355,1.00000
0.97784,-0.63053,1.00000
0.88990,-0.56714,1.00000
0.99776,-0.54959,1.00000
0.88205,-0.50385,1.00000
1.13656,-0.38955,1.00000
0.86791,-0.47986,1.00000
0.92133,-0.49345,1.00000
0.92125,-0.39024,1.00000
0.93441,-0.40986,1.00000
0.90290,-0.61726,1.00000
0.83669,-0.56076,1.00000
0.81195,-0.59579,1.00000
0.88005,-0.52119,1.00000
0.78674,-0.51204,1.00000
1.00226,-0.51724,1.00000
0.91138,-0.55044,1.00000
0.78475,-0.64027,1.00000
0.91142,-0.49768,1.00000
0.84654,-0.51980,1.00000
1.06743,-0.36793,1.00000
0.98128,-0.59708,1.00000
0.96944,-0.37486,1.00000
0.92120,-0.50906,1.00000
0.97113,-0.55971,1.00000
0.71780,-0.48680,1.00000
1.02307,-0.60175,1.00000
0.69661,-0.42703,1.00000
0.90973,-0.61428,1.00000
0.62743,-0.54643,1.00000
0.89539,-0.53912,1.00000
0.79920,-0.28724,1.00000
0.66167,-0.79795,1.00000
1.00631,-0.41259,1.00000
0.79624,-0.49331,1.00000
0.80038,-0.27936,1.00000
0.60957,-0.58714,1.00000
0.90803,-0.41726,1.00000
0.86380,-0.40880,1.00000
0.67006,-0.58565,1.00000
0.99948,-0.57639,1.00000
0.78111,-0.45810,1.00000
0.86700,-0.44409,1.00000
0.70056,-0.47733,1.00000
0.87773,-0.63407,1.00000
0.92237,-0.26637,1.00000
0.58428,-0.38523,1.00000
0.81152,-0.40906,1.00000
0.82233,-0.63923,1.00000
0.81158,-0.41996,1.00000
0.76868,-0.47150,1.00000
0.60727,-0.12438,1.00000
0.69908,-0.32312,1.00000
0.70834,-0.52636,1.00000
0.65668,-0.45827,1.00000
0.73256,-0.47657,1.00000
0.53579,-0.31999,1.00000
0.82355,-0.58314,1.00000
0.81967,-0.35264,1.00000
0.54649,-0.48089,1.00000
0.74765,-0.31943,1.00000
0.72597,-0.55005,1.00000
0.72895,-0.30598,1.00000
0.69325,-0.48399,1.00000
0.56259,-0.20087,1.00000
0.44145,-0.55241,1.00000
0.70804,-0.52447,1.00000
0.62880,-0.44016,1.00000
0.60866,-0.49098,1.00000
0.76321,-0.31097,1.00000
0.65543,-0.36697,1.00000
0.73516,-0.45596,1.00000
0.81676,-0.29279,1.00000
0.44444,-0.52580,1.00000
0.60081,-0.13173,1.00000
0.69912,-0.31620,1.00000
0.60272,-0.31727,1.00000
0.66676,-0.14283,1.00000
0.39482,-0.32509,1.00000
0.49306,-0.48996,1.00000
0.45347,-0.26079,1.00000
0.41193,-0.51008,1.00000
0.41874,-0.40890,1.00000
0.71345,-0.18676,1.00000
0.51287,-0.42093,1.00000
0.62298,-0.43146,1.00000
0.57709,-0.34347,1.00000
0.59441,-0.28303,1.00000
0.51512,-0.24785,1.00000
0.45635,-0.36820,1.00000
0.52416,-0.50177,1.00000
0.75744,-0.27892,1.00000
0.38508,-0.36678,1.00000
0.55126,-0.35043,1.00000
0.54180,-0.39664,1.00000
0.40086,-0.25869,1.00000
0.33643,-0.49325,1.00000
0.34136,-0.21448,1.00000
0.29193,-0.30207,1.00000
0.22118,-0.26702,1.00000
0.45080,-0.24848,1.00000
0.45723,-0.16816,1.00000
0.28570,-0.38073,1.00000
0.23157,-0.38055,1.00000
0.37628,-0.25652,1.00000
0.39893,-0.33742,1.00000
0.32567,-0.04196,1.00000
0.28948,-0.31485,1.00000
0.22954,-0.38626,1.00000
0.51719,-0.34219,1.00000
0.34875,-0.30260,1.00000
0.37875,-0.16739,1.00000
0.62664,-0.31618,1.00000
0.28944,-0.31719,1.00000
0.39034,-0.33285,1.00000
0.27742,-0.40423,1.00000
0.37775,-0.11014,1.00000
0.12551,-0.48544,1.00000
0.09359,-0.06221,1.00000
0.50547,-0.21393,1.00000
0.26704,-0.26827,1.00000
0.33179,-0.16884,1.00000
0.18829,-0.15574,1.00000
0.35028,-0.10249,1.00000
0.27700,-0.22783,1.00000
0.38281,-0.15871,1.00000
0.21568,-0.12784,1.00000
0.22593,-0.14571,1.00000
0.38089,-0.38687,1.00000
0.01966,-0.22706,1.00000
0.24884,-0.19998,1.00000
0.20321,-0.08245,1.00000
0.21309,-0.14082,1.00000
0.42807,-0.26147,1.00000
0.28017,0.00358,1.00000
0.32447,-0.36199,1.00000
0.30214,-0.18801,1.00000
0.22758,-0.23949,1.00000
0.47339,-0.21603,1.00000
0.13076,-0.15998,1.00000
0.21290,-0.27259,1.00000
0.31824,-0.27179,1.00000
0.25673,-0.04397,1.00000
0.14713,-0.20967,1.00000
0.32095,-0.11615,1.00000
0.01055,0.01400,1.00000
0.35196,-0.19226,1.00000
0.13006,-0.18789,1.00000
0.22384,-0.18339,1.00000
0.25408,-0.38923,1.00000
-0.04023,-0.18869,1.00000
0.20826,-0.06254,1.00000
0.18190,-0.21658,1.00000
0.16374,-0.08790,1.00000
0.21296,-0.13800,1.00000
0.01198,0.01927,1.00000
0.32714,-0.15301,1.00000
0.10987,-0.19620,1.00000
0.25303,-0.27387,1.00000
0.08253,-0.05525,1.00000
0.30920,0.00265,1.00000
0.09907,-0.12152,1.00000
0.09479,-0.20547,1.00000
0.34650,-0.31479,1.00000
0.18775,0.16236,1.00000
0.27415,0.00626,1.00000
0.03231,-0.02802,1.00000
0.08821,-0.12936,1.00000
0.25679,-0.10556,1.00000
-0.01265,0.01342,1.00000
0.07657,0.09186,1.00000
0.19851,0.02903,1.00000
0.07297,-0.25303,1.00000
0.27447,-0.01948,1.00000
0.04009,-0.04204,1.00000
0.03759,0.07068,1.00000
0.16893,-0.03766,1.00000
0.15806,0.21378,1.00000
0.22902,0.06470,1.00000
-0.12820,0.10591,1.00000
0.33542,0.01500,1.00000
0.07006,0.34937,1.00000
0.06569,0.22209,1.00000
0.26053,0.19238,1.00000
0.04015,0.31512,1.00000
-0.01799,-0.15242,1.00000
0.02714,0.11378,1.00000
-0.12010,0.08018,1.00000
0.16727,0.10457,1.00000
0.10833,0.12407,1.00000
-0.01489,0.04162,1.00000
0.08371,0.03785,1.00000
0.04300,0.28088,1.00000
0.10066,0.39423,1.00000
0.03278,0.11955,1.00000
-0.12001,0.12747,1.00000
0.01124,0.24711,1.00000
-0.05875,0.14966,1.00000
-0.05161,0.16265,1.00000
-0.03999,0.23951,1.00000
0.13474,0.38435,1.00000
0.18645,0.28723,1.00000
-0.03348,0.20783,1.00000
-0.07964,0.04995,1.00000
0.08768,0.19178,1.00000
0.11630,0.10177,1.00000
0.02377,0.17298,1.00000
0.16595,0.49218,1.00000
-0.10074,0.25416,1.00000
0.02415,0.19737,1.00000
0.08045,0.25412,1.00000
0.16514,0.20954,1.00000
0.03678,0.27582,1.00000
0.10067,0.07734,1.00000
0.01421,0.26164,1.00000
0.13583,0.44981,1.00000
0.15664,0.30563,1.00000
0.07910,0.37903,1.00000
0.06237,0.28134,1.00000
0.38388,0.24761,1.00000
-0.34850,0.31162,1.00000
-0.13330,0.23198,1.00000
-0.14384,0.38626,1.00000
-0.09666,0.26266,1.00000
0.14008,0.56283,1.00000
-0.06333,0.42861,1.00000
-0.02416,0.22561,1.00000
0.02889,0.26299,1.00000
-0.30641,0.30730,1.00000
-0.02536,0.33745,1.00000
-0.11929,0.21096,1.00000
0.14403,0.50144,1.00000
-0.07243,0.41786,1.00000
0.06144,0.40456,1.00000
-0.13656,0.34547,1.00000
0.00368,0.21453,1.00000
0.05764,0.47448,1.00000
0.09820,0.30790,1.00000
0.08174,0.37671,1.00000
0.04392,0.43835,1.00000
-0.14938,0.38556,1.00000
0.17704,0.37190,1.00000
-0.08179,0.53746,1.00000
-0.33600,0.30327,1.00000
-0.05319,0.44106,1.00000
0.05925,0.38794,1.00000
0.11800,0.65669,1.00000
0.25464,0.54793,1.00000
0.03643,0.46857,1.00000
0.00723,0.26747,1.00000
-0.03400,0.51057,1.00000
